1000 8404 141237625 1065
42042 498251474 1575
43192 725919541 23
295654 674089484 701
638922 661801166 3764
943819 830380404 7331
1689661 244557946 514
1779637 919329825 5653
1787080 349587496 838
3220797 444844004 3878
3466877 285743270 250
4100005 189307331 698
4512020 671584092 3960
4567616 183801975 1440
5130182 889235262 3446
5170721 295658090 1882
5563679 840492235 6661
6000281 646660364 404
6527674 188950921 1789
6809338 468608502 2733
7524720 840175691 8006
8265865 411689420 1336
10036825 111451486 876
10316392 401847230 981
11964856 303613798 1378
12150706 205969277 307
12380893 715083276 6119
12432458 646399444 4531
13275465 856182791 335
13380447 352015876 243
16053051 890388282 6908
17037815 739223251 1342
17259946 182908318 68
18498181 649983210 1502
18809031 443279505 2897
19096618 981795323 1856
19267782 637314797 4026
19597080 749646347 2514
20310917 707159455 1878
20500313 951368668 2951
21907712 983211947 219
21966710 901041106 8616
23253071 968841436 2159
23370940 716297775 4588
23712193 172602829 329
23803612 635348542 5681
23891980 295905790 168
24057227 602888553 4551
24118048 551365277 1521
24219760 911279681 5777
24480827 749966071 2790
25205027 251267436 409
25620440 263597572 1762
25948903 368818796 881
27917610 278227736 1335
28282024 742091381 173
28858198 762162984 2069
29850526 260358908 1115
30467619 968164547 8766
31196585 334994227 2939
31275074 873203696 4942
31520207 405391660 3310
31820653 132754620 348
32255453 951519527 7991
32619348 226927089 12
33487258 439222260 778
33559874 326344981 913
33719548 862502252 1871
33971894 562395624 2695
33990961 785295918 6145
34186226 444077682 903
34648978 616699261 3165
34723537 934023930 1725
35387351 631137673 1090
35437309 637973540 3884
35491199 573861147 4811
35516426 997851336 4763
36768248 477298860 1231
37121521 57403994 28
37226250 744408696 2487
37549784 812769294 1424
37644860 344287043 2125
38212004 575812059 442
39049434 812575790 334
40461617 646726301 2186
41510636 810815801 1877
42588121 666486793 1852
44103696 166874383 700
44474858 164620847 461
44671327 889815005 2967
44973661 125028722 693
46608166 438328629 1133
46698196 924952747 8069
48684224 678350650 2019
48877087 868790096 6126
50513772 728925439 4494
50964634 790361905 5870
51151560 710810120 6161
51823813 818965209 3959
52288489 681417420 5002
53733336 400891514 2808
53777268 498694907 1368
54109385 688670126 3667
54204244 477654177 1367
54215613 668741363 615
54334122 513038479 271
55423022 560561376 3487
55699200 907326132 1661
55765550 760636992 3054
57653914 474199398 2148
57688715 872206072 2630
57715777 440189015 2077
58851659 891924106 8197
59355150 236958873 1087
59706689 615450471 38
60274238 490570102 4222
60602700 680140183 3265
61713603 582390209 3349
61979522 171347507 686
63399970 411406878 666
63562473 93214309 84
63723361 477930298 711
64381352 618937060 2460
64577481 874473029 7522
64683592 571080551 730
64706232 890907439 3283
65030452 971363861 7907
66283565 823629790 1484
67523368 915051566 6409
68508619 650688938 4665
70001388 766031384 6047
70037288 295652457 1859
70175758 475442503 1330
71178645 371376950 1714
71771306 448272152 2271
71779390 584139940 431
73297559 166492800 750
74481832 728758700 714
75521855 132981608 239
75843615 172092811 716
76182127 805869908 2361
76303922 174159369 645
76919107 948720355 4393
78045873 678212614 3042
78227203 504600454 3831
78242546 943992826 1521
78424393 585205779 2296
78580418 805489864 1948
78931788 535400490 1866
79147789 944512230 3934
79187467 537630149 4375
79296185 217378332 1324
82486736 130716860 232
82951934 456267835 650
83026354 633302952 3769
83981728 359814240 1422
84034480 397007458 2837
84762339 825547487 4420
85810102 532244240 1787
86245131 118131426 236
86278465 530691127 4357
86602858 378022073 1008
86979014 411051459 1232
87038369 229294130 1369
87323649 917229439 6880
87611672 951979207 860
87765090 820343965 972
88470637 867303932 813
88590723 738105687 5101
88688447 233069308 1146
89212605 258170996 1318
91024135 589998023 1897
92992234 626115242 1871
95555145 751287479 917
96479030 385880710 704
97423704 285770489 182
97437264 171806807 18
97700130 294836779 238
98283357 433456556 2359
98570435 963409208 6168
98612924 706591491 540
98746550 565785467 2706
98970682 950957697 7932
100549207 934625280 4901
100931951 245458263 852
101521005 889818388 7846
103539371 724445924 3579
103657183 557028561 293
104020388 388756055 776
104617396 589201099 1821
106147129 406899972 772
106488015 790219498 1630
107229880 822673927 5798
108242990 389331286 2762
108308101 341854271 641
108942890 273334759 220
109132304 235590387 56
109798062 577860689 3003
110024318 498002472 2245
111061335 552370017 2893
112291233 714369142 3222
112709759 311134372 696
112941360 555883891 4073
113346810 201840781 778
113862906 285923262 133
114901542 157487267 73
115084205 263219575 1262
115683666 468678866 1706
116016406 931062067 7796
116935580 433477433 304
117127185 177611674 361
117597648 778714696 813
118033341 989418555 3779
118132462 368952054 302
118253568 510396959 1555
118977600 449001994 442
119372775 548494724 2837
121408627 405320936 1196
122058321 587309759 3134
122521126 849480629 1874
122916150 928367380 3813
122974965 803125569 3876
124131636 716559316 4623
124497888 580417027 853
125167207 225015813 232
125803010 288391527 251
125883149 297069535 1084
126096949 818804078 4161
127128110 969649425 4091
128845678 845793970 696
129038706 163812880 10
129590685 482224737 1210
131233560 176737451 357
131540775 202159598 647
132016291 544193781 1703
132547305 782013196 6048
132846760 446235860 833
133449257 908734931 1903
133563505 895122881 3100
134158579 519884814 3086
134610047 888862058 1071
135207885 401216266 1560
135219333 652417845 3065
135324548 214487660 642
135324743 217773428 561
135327564 265185975 670
136056145 699278380 4637
136459281 512122980 2475
136619863 510010395 2058
138558798 885436235 2864
139029749 210783507 541
139166921 942527060 1562
139320939 737195587 764
139692789 585656631 2496
139777209 962175265 4707
140045206 767413984 4402
140684940 927897122 4783
140862613 440570267 791
142608672 529628270 2980
143122679 281172910 162
143923433 200601542 217
145072580 840904312 356
145311860 339310296 239
146517374 427503533 132
147096208 492290159 569
147202935 615683772 3719
147870981 628998088 1663
148178489 428575927 785
148914774 992149460 7099
149448822 171097165 48
149459492 483556878 434
150601990 358167941 1054
151086733 989042374 2200
151234734 252680440 303
151590162 860247392 2016
152277820 438909895 316
152493922 457948110 1559
153593679 754829133 882
153807370 543898426 3823
153869410 512862882 2952
154279682 965853445 7356
154771783 337905354 1259
155582458 313022980 485
156122462 356560317 453
156758758 755752661 3979
156976367 322253272 269
158412356 630486836 938
158672046 477944979 2232
159076529 597157369 485
159332988 334583523 144
159443386 779130466 232
159669370 986162817 1051
159759278 461142872 559
160257459 502620075 801
161395780 479414532 2694
161421041 700142683 4620
161459789 727550030 1646
161484209 650300680 1802
162367900 539313383 1804
164931554 676981625 1029
165055569 191477914 175
165605805 197949720 223
165818653 372149220 89
167367254 811593828 4919
168743130 313630047 330
169157392 799486782 83
169362565 889439105 6357
170957002 881900340 1674
171538523 798975831 4483
171549071 228440200 104
171887987 565150953 248
172903725 447531684 2407
173322778 616714656 2838
173538599 380432364 112
173610856 521113939 1981
173728568 790415159 5778
174165024 864268076 6440
174405633 994037500 7257
174518554 497367443 1161
174878163 345906218 550
174974877 897644996 3903
175106950 969912260 1395
175611190 854739352 6556
176025479 301493407 204
176828898 919663062 5348
177213647 783707275 5978
177603778 375024818 317
177988268 988847143 5221
178163336 701165864 3455
178785745 522394062 3224
179621289 606729961 310
179650758 629229659 3496
180856691 428753629 474
180906877 738779411 2470
181579964 240192561 291
182494171 572875678 513
183391069 614654835 2146
183776532 854543506 2286
183853792 875455935 2643
184017162 220483552 133
184032380 655758980 2966
184392701 743842473 4058
185176093 356817592 1605
185302211 587767602 3111
185679025 413625681 3
189429588 475263572 2475
189923850 645329689 2302
191289087 212657247 89
192455130 482997528 1142
193711790 837756307 4220
194235503 257602265 340
194557491 314653004 749
195292559 927026497 2784
195400597 443256749 1172
197951863 524783835 3069
198206233 505013131 2361
198607843 330561005 1010
201472524 724358081 1379
203526247 363015682 1240
203604966 821637049 543
204287853 713335642 3371
205805166 445011469 1354
206140989 720471109 4673
206852826 873155509 2017
207390456 245426508 22
207912600 431166128 316
208270988 302962575 448
209034842 989423970 5616
209625648 231334629 2
210644480 952114300 5578
212026353 851536095 3985
212083269 734381483 337
212494070 974794148 4660
212686712 894935929 4715
213278000 413139157 986
213675117 855326305 6391
214270278 732344666 3977
215180490 219207674 23
215440423 406267609 1474
216054762 695865532 118
216484523 270253133 164
217413360 521071918 1416
217930986 232721744 142
218139575 517243193 1238
218238385 418022907 309
218950208 709665207 1046
218964055 415634847 721
219647763 236776751 143
220398266 730747866 3030
222489110 605442343 709
223069102 689691476 2704
223470706 996998963 6323
224146490 543732189 171
224289049 792237655 2653
225521877 395790809 1313
225554676 969045132 2933
227116751 392085482 716
227206486 448241795 720
229316674 465926973 702
229586738 709933731 4375
229622027 675997612 1346
229690317 276514804 239
230488828 995111152 4706
230907281 355721638 188
231121193 699699624 1175
231425704 478914008 2331
231741287 418470916 1837
232191849 470611141 1199
232342859 861160967 5666
233442027 920364024 3367
234746156 816931722 13
235105636 572054465 929
236642391 843189221 6064
238001811 408144940 1537
238013470 247574676 2
238950377 633194155 186
241378446 250924336 5
243747685 642330222 3596
244263917 428653375 284
244551410 965580932 3858
247250261 566305395 2996
248995727 499297510 766
249191956 576092842 953
249760519 468254772 800
250039017 493666515 223
250391094 954097149 6759
250825224 276132742 112
251201941 280549952 193
251981308 492754877 1076
252761745 569608842 1849
253224630 707501476 4308
254297448 484751006 1191
255278114 860668712 3054
255308354 512960577 958
255571315 760840540 3475
255783800 769807130 2768
255991190 438277200 765
260920697 892383335 280
260930865 469773580 1678
261164615 640726607 381
261724909 927329345 6383
262051252 880174191 3586
262235409 754067016 3369
262315330 292533292 193
262622455 816706600 602
263525348 959243722 5679
264463092 562409338 180
264927698 286273874 135
264990609 404992825 733
265241858 817589654 927
265255984 775950697 1912
266118062 511564753 1825
268570312 924341210 4282
268602178 826177095 3736
268817748 788030768 598
269138362 957548140 5092
269214683 798251378 3171
269236216 849497625 5405
269962442 699558407 919
270075702 455627176 113
270534901 833672136 3261
270718668 606555340 1218
271354391 309099441 365
271718275 392279795 212
272366819 838974832 4612
272646974 721322740 1187
273758508 399990054 1141
275289826 659198157 2166
277915969 730942948 218
277930295 462619294 887
278114371 899904783 6166
279086246 460894425 1271
281082545 764043835 570
281806756 818403913 4364
282276260 425725597 700
282558014 866189378 12
283060086 714578894 856
283105913 764036507 339
283611139 312458657 120
283858616 402246825 0
284178386 303030978 19
284314969 839806068 5402
285329731 867916226 2477
289067128 743210782 2707
289177219 903565169 5627
289821476 536627333 777
290663314 451184353 52
292203196 890660259 4809
292820097 949947046 4024
293401147 570615714 631
294430459 690393322 1599
295137989 770689973 1268
295178972 385757834 425
296775107 437065782 283
297047417 650191664 1341
297514318 412469491 742
297639259 933612150 6271
298055622 718230716 2465
299105188 844726215 1314
299354633 561644775 1125
299497269 922092892 4304
299590342 739952246 941
299888627 416430600 314
300103565 799366800 4760
300123449 809453960 110
300316955 700579134 1415
300759089 755237205 2179
300957940 578383155 370
302306150 374904464 499
303043474 494190254 421
303293933 408695777 292
303432478 589729541 391
303683721 517411752 1212
304226188 642050731 2305
304980299 834153324 3798
305029680 590357968 2053
307028299 895159376 4614
307724949 792595867 1258
308391936 502422449 774
309077335 973569076 6626
309940370 446204388 211
309998959 880567237 1122
310650908 577056496 315
312637251 964258820 1017
314035123 373116338 492
314064016 821983481 311
314469322 891939315 1598
316531640 630271458 1942
317674328 508084254 1114
318925062 777135388 1612
318970231 813489505 4716
321275518 903734065 2089
321588808 402696276 399
323430730 860742812 787
323614591 488086506 443
323693416 368453192 233
325205358 380570291 320
326568213 737487579 3546
328631184 626748659 907
328910562 376899753 457
330202559 616656862 34
331064123 699322251 3167
331913443 380455015 109
333041362 736696020 3662
333211826 943688564 1564
333653317 567524381 2222
337140270 733757481 953
337807243 653312257 2845
339015097 552611385 247
340955481 952398971 2247
342039696 921189477 2980
342285143 751441508 68
342559012 530403427 775
342714326 780969999 1435
342791727 675672612 935
344253792 552537126 1214
344262547 619592579 2275
344482446 501402411 1459
345272518 494670000 1398
347253419 555642286 1817
347279116 933283486 642
349247843 735690050 3541
351357914 455148933 535
351449954 692934805 2918
352438817 679290490 436
352541303 727816945 511
353321301 502233462 948
353727374 861231519 730
353882618 883572518 3735
353976589 631348288 1741
354227590 678435646 2821
355149075 363471910 72
355596401 731394776 981
356271460 670020384 1917
357167888 703891848 84
357228015 931998748 3034
357414875 560035063 1942
357479056 564983306 761
358959142 744735171 3600
359022078 613779778 1401
360353693 560633711 1927
363410425 900311370 1590
363927291 492544778 938
364126423 618130831 1467
367056361 469483320 467
368749664 388900131 37
369171293 719512679 600
369856312 554621445 1425
369986189 473804924 578
370643628 564204480 1061
371397146 410612817 131
371977840 506652060 35
375298693 488882474 545
375303968 690444648 2406
375576234 796304734 4089
375745059 471534206 464
376849411 778775674 3343
377068661 623811045 1935
377225629 659412256 387
377304909 918137796 158
377816219 522359194 529
378294773 467480646 765
379166483 957937803 2099
381449539 523676965 1038
382610867 618317129 1525
383245277 593631205 699
383499726 640741373 890
383890276 632884082 597
384047143 418222939 46
386179652 825829930 3570
387585831 837151863 1557
387827416 602512067 218
388784333 579288734 1730
389124191 922573022 1038
392279411 812189575 2194
392607100 404024293 26
394084543 539338450 748
394487195 528109978 272
395354609 464798425 127
395512504 916758860 344
395740585 903635396 2547
396254180 497205510 990
397527437 421999439 122
398183450 710200098 1645
398858308 662080406 930
399334985 876100492 1738
400266263 588802577 616
401550543 784231715 1058
401802079 827419061 2609
402986110 897869956 2235
403122410 556667795 1527
403478576 584803026 899
404265331 922892429 4515
404603697 491823000 813
404729223 601644046 1621
405139445 879614599 2115
405191569 857957050 176
406351744 555763948 404
407573497 688671973 1988
408479843 550790548 213
408675051 948870648 5179
410120985 988733182 5013
410383791 676634593 1628
410509645 644387528 2190
410834665 738281147 2673
411209312 592522335 1665
411652020 597555717 1764
411782220 729388962 111
414216775 673087271 989
414265384 731589926 546
415223923 420362935 14
415444648 908854136 1403
415949311 800790589 1109
416316911 536592848 654
417495773 418602100 2
417750238 650260788 4
417870131 630138245 296
419760968 516931330 30
419797205 675133057 278
420429389 935533890 3167
420684725 555199449 264
422464732 843391937 636
425905362 628415280 320
430058143 610563952 1102
430587139 882938216 2485
431313692 488630260 219
431464797 710125057 1657
432438661 911905576 2171
432485665 628168384 1350
433341892 462372995 211
434613183 720858191 875
435709731 674127690 339
435804016 760723490 2918
436744294 486650099 53
437590320 748393486 1959
438759331 842965739 3914
438808781 600338469 969
439313747 545425910 140
439459199 794495560 2232
439982627 480836613 52
442468358 908365783 4319
442607560 921781974 4277
442647866 455409911 3
443986046 641535217 1199
444559699 619244777 1196
445710679 492336539 18
446026572 576925751 786
446675908 702140139 594
446684545 898051323 3642
447187083 754272901 513
447577747 877317207 1285
448527425 732822602 194
449546660 683244474 374
451012445 622622625 831
451026611 860710587 3330
452666629 507214106 372
453612775 841668852 1912
453712272 901458427 633
454151104 901466727 2367
454300816 881470235 3876
455100456 610355202 675
455603432 896611433 1016
456455156 830219808 1759
456545468 713704198 639
460216061 688982557 1854
460499197 852849414 860
462088213 857445946 1144
462187876 543280733 529
462594206 930009699 975
463245396 473938246 24
463757987 643557158 570
466543831 739372420 249
467907120 687575261 809
468593179 823017501 28
468836965 625369912 1369
471716729 707181403 2029
471727340 679398006 412
471921160 985670303 3551
472151728 946507840 2349
472487913 941205274 1207
472734255 628863305 811
473131618 864892305 3710
473856457 632313720 170
474991514 985659899 1436
477263117 509785874 184
478813549 798084331 635
479818652 510989679 35
481809754 901723919 3787
483972798 519554500 302
485171564 746096400 1593
485653609 868597636 26
486279565 651621893 1368
487992479 832918436 775
488066311 675118577 36
488766434 572498060 714
489359552 877355874 3454
490873848 558333386 433
491361901 704667313 1369
491486491 680421367 7
492471829 811325037 2761
492676481 867225810 883
494387429 555280557 57
496331767 811580813 784
497488998 563700934 570
498248986 524538503 118
501080512 993880360 2556
501661638 999279915 2960
502008428 866133753 1768
502591410 686682913 1388
502626037 508869981 0
502735903 875914984 972
504120169 924692968 699
506014072 543265984 324
506540969 808889275 1673
509297375 964906507 3762
512989517 741711338 2231
515158357 686183219 866
515162918 522750685 52
517595868 851241303 2066
519262913 582612659 436
522343938 943188724 111
522569908 698069350 475
522963724 874475517 638
523139726 741882144 920
524998720 716914937 1907
525759513 618661006 217
526412711 859541557 458
527010747 557633465 129
527338259 584146417 109
527575620 854003364 333
528503662 568674839 137
529672000 906454374 1623
530553455 596412833 448
531105900 758557017 1049
531636785 613732152 255
533200864 775103767 1530
535238952 803473116 1045
536502974 795383685 1962
536693923 783446461 1170
536822949 804502796 1131
538861355 704254086 1063
540476094 999626872 2599
541727333 554364275 8
542302962 565276063 99
547241355 886735208 1580
548447597 590216899 251
549728094 805418061 1575
549854004 758941452 993
550988996 828961216 2702
551123441 634703376 193
551173011 739647782 285
551644538 618071640 342
551834978 726103865 751
553288901 771910633 2140
554060585 607158703 526
555025852 920063725 1553
556209949 691797030 1107
556288016 631488099 503
556711967 627910475 381
557459766 828868721 534
557597582 997666990 1335
557719083 892242246 2616
559376615 833095159 2568
560723711 925159338 709
561360508 581656865 6
564316048 565110415 1
564434132 871766027 928
564920567 594757779 218
566333413 718140384 505
566601927 936087888 1802
568723029 695950402 1257
568761252 720641164 1161
568811933 981204007 1834
570082415 595329113 7
573591429 762839946 1248
574318937 713122718 911
575478732 878436056 506
581468399 615046320 36
581749302 801316222 545
582853389 645033635 483
584060047 955650280 1960
584168110 675535172 405
585174612 628334044 227
586409710 985531484 615
587541076 673047023 557
589383880 626059708 217
589808887 921819346 476
590037245 750228289 1337
591544718 873620351 2574
592621108 619160150 159
595184579 607405171 86
595479873 956422088 720
595687883 857329519 166
597897869 793491567 954
598729598 719909657 460
602277272 853496716 1759
603771604 729116353 1058
604089349 700747451 395
604099598 873002394 677
605042182 608875926 34
605572748 936164100 780
607933974 892842012 498
610002610 890487508 2149
611324064 961776400 3237
613809679 861576589 2017
614063564 833646086 1227
617078552 731578516 628
618101924 782170555 797
619308364 766164768 60
619612532 775556114 830
620382252 746934970 990
622085512 951883234 1957
624150118 894832637 2478
625043448 688962832 101
630995423 865817072 87
632408855 737416585 754
633116763 750577263 599
633624295 907929951 1116
634000055 772873734 81
635212994 808714180 19
636412814 647852611 7
638623340 731922708 54
639871950 803492894 180
640704513 837743933 1925
640967489 962614271 1234
641204803 656174972 36
642934842 741919614 19
643379764 703522500 217
644667868 877849958 976
646003498 777213478 1076
646790250 931888203 2681
646827597 669201665 70
652856344 802837664 815
654411482 852413746 660
655774576 717222428 550
657192005 917623111 1681
659815841 993028403 1767
662029577 820407020 585
666442191 812421460 329
666842675 981426856 482
667474453 862293063 1779
668170481 749284004 37
670926818 904133149 517
672326096 986896072 1912
674308102 825056692 341
675967098 932273259 1455
678638417 786931438 198
679612618 857485753 741
680260825 903141232 409
681522661 747332153 416
682046564 962635286 2189
689444465 745097463 387
690130699 877587185 72
691908263 702090844 25
692453849 694168940 9
694814009 796718701 847
699562743 808909668 506
699674008 874334904 1128
700129372 947416384 2385
702902299 960959938 1882
707653125 761626386 490
708548887 784312791 253
710700097 798944024 503
711775976 998461891 2766
715502975 772239717 546
716031534 917367570 1191
716238722 750071116 216
716742787 793599420 20
716855089 800221153 414
717553318 724187494 36
718892315 808463612 670
719618193 749543138 86
720566204 895896792 679
721176780 900524316 892
721450860 731933058 46
722347823 774796267 158
724265416 791535516 624
726763297 897481963 12
729427394 793450892 203
729706748 975947443 1855
731431671 975699069 2402
731745513 881732446 642
734342307 807889552 69
737049427 904035290 9
738001751 803625809 569
739164861 835566396 436
739787622 885512076 690
739794360 747772601 35
740567650 979008958 822
741711452 875536349 900
745202237 906211652 32
746979802 807142566 332
747585027 853377588 331
751231759 895804397 589
751394975 898290084 1149
751871593 912076200 794
752897668 977449549 1211
753988648 914043846 472
755037165 978020758 1238
755196791 875418913 1038
757308152 774112187 62
758636689 796411381 126
759081730 760022703 1
761197710 898099007 1186
762478658 943883357 1792
766324520 818560515 57
768219597 795081015 73
768415106 859766904 13
771933879 797925482 150
772187054 904137757 1148
773918554 782337273 52
778423438 877720212 92
778905202 790515053 93
780012355 895864096 1053
783560605 933364831 1466
783813742 892871096 826
786621818 843555791 118
789876931 791406983 12
800498381 822822703 38
801740629 840731267 388
804388368 945734708 939
813436445 975979862 563
813717164 968511252 1195
814160192 936178563 281
814646793 851784414 206
815180948 874267000 324
815718856 916309928 315
817669713 827000835 8
826094117 942951251 649
826831087 967675403 279
827444712 828338799 3
827951504 834280281 58
834338759 883473331 65
839853828 890181751 249
840742356 988113452 146
847397453 936116654 321
850384682 911679589 352
851887626 879960613 212
856708862 873252809 61
873003654 964128071 620
873237410 923660307 55
880614101 919188685 170
884311662 965515767 751
885012485 933096273 265
888979924 980328644 844
892554311 987022279 681
896243164 898809795 17
896645574 963974135 471
905736101 956116626 12
906926047 940878943 266
908564780 999048579 234
913250260 931486308 156
914451516 947364682 43
929734436 984228151 430
934559330 964104164 35
951712904 980566269 133
963851098 976254765 93
963851755 987296964 118
977076506 991129557 1
993751329 998255381 23

